01 F4 01 F4 
01 F4 01 F4 
01 F4 01 F4 
01 F4 01 F4 
01 F4 01 F4 
01 F4 01 F4 
01 F4 01 F4 
01 F4 01 F4 
01 F4 01 F4 
01 F4 01 F4 
01 F4 01 F4 
01 F4 01 F4 
01 F4 01 F4 
01 F4 01 F4 
01 F4 01 F4 
01 F4 01 F4 
01 F4 01 F4 
01 F4 01 F4 
01 F4 01 F4 
01 F4 01 F4 
01 F4 01 F4 
01 F4 01 F4 
01 F4 01 F4 
01 F4 01 F4 
01 F4 01 F4 
01 F4 01 F4 
01 F4 01 F4 
01 F4 01 F4 
01 F4 01 F4 
01 F4 01 F4 
01 F4 01 F4 
01 F4 01 F4 
01 F4 01 F4 
01 F4 01 F4 
01 F4 01 F4 
01 F4 01 F4 
01 F4 01 F4 
01 F4 01 F4 
01 F4 01 F4 
01 F4 01 F4 
01 F4 01 F4 
01 F4 01 F4 
01 F4 01 F4 
01 F4 01 F4 
01 FE 01 FF 
02 04 02 04 
02 13 02 12 
02 19 02 19 
02 26 02 26 
02 2C 02 2C 
02 32 02 33 
02 3D 02 3E 
02 41 02 43 
02 4A 02 4C 
02 4D 02 4F 
02 54 02 56 
02 57 02 59 
02 58 02 5B 
02 5B 02 5A 
02 57 02 53 
02 47 02 42 
02 3D 02 39 
02 2B 02 27 
02 25 02 21 
02 1E 02 1E 
02 20 02 22 
02 25 02 27 
02 30 02 32 
02 35 02 37 
02 3C 02 3E 
02 3E 02 3E 
02 3D 02 3C 
02 3C 02 3A 
02 37 02 33 
02 33 02 32 
02 31 02 2F 
02 2E 02 30 
02 2F 02 2F 
02 30 02 31 
02 32 02 34 
02 34 02 36 
02 36 02 36 
02 36 02 36 
02 36 02 36 
02 36 02 34 
02 35 02 34 
02 34 02 33 
02 32 02 32 
02 33 02 33 
02 33 02 33 
02 32 02 33 
02 34 02 34 
02 35 02 34 
02 35 02 34 
02 35 02 35 
02 34 02 36 
02 34 02 33 
02 34 02 34 
02 34 02 34 
02 34 02 33 
02 33 02 34 
02 34 02 34 
02 34 02 34 
02 34 02 35 
02 34 02 35 
02 34 02 34 
02 34 02 34 
02 34 02 33 
02 34 02 34 
02 34 02 34 
02 34 02 34 
02 34 02 34 
02 33 02 34 
02 34 02 35 
02 34 02 34 
02 34 02 34 
02 34 02 34 
02 34 02 34 
02 33 02 34 
02 35 02 34 
02 34 02 34 
02 33 02 34 
02 34 02 34 
02 34 02 33 
02 34 02 35 
02 35 02 33 
02 34 02 34 
02 34 02 34 
02 34 02 35 
02 34 02 34 
02 34 02 34 
02 34 02 34 
02 34 02 34 
02 33 02 34 
02 34 02 33 
02 34 02 34 
02 33 02 35 
02 35 02 34 
02 34 02 35 
02 34 02 34 
02 34 02 34 
02 34 02 34 
02 33 02 34 
02 34 02 33 
02 34 02 34 
02 33 02 34 
02 34 02 34 
02 34 02 35 
02 33 02 34 
02 34 02 34 
02 34 02 34 
02 34 02 34 
02 34 02 33 
02 34 02 34 
02 33 02 35 
02 34 02 34 
02 34 02 35 
02 34 02 34 
02 34 02 33 
02 33 02 34 
02 34 02 34 
02 34 02 33 
02 34 02 34 
02 34 02 34 
02 34 02 34 
02 34 02 34 
02 34 02 34 
02 34 02 34 
02 34 02 34 
02 35 02 34 
02 34 02 34 
02 34 02 33 
02 33 02 34 
02 35 02 34 
02 34 02 35 
02 34 02 34 
02 35 02 34 
02 34 02 34 
02 35 02 34 
02 34 02 34 
02 34 02 33 
02 34 02 34 
02 34 02 34 
02 34 02 35 
02 34 02 34 
02 34 02 34 
02 33 02 34 
02 34 02 34 
02 35 02 33 
02 34 02 34 
02 34 02 34 
02 34 02 34 
02 34 02 34 
02 34 02 34 
02 34 02 34 
02 34 02 34 
02 34 02 34 
02 34 02 33 
02 34 02 34 
02 33 02 35 
02 35 02 34 
02 34 02 34 
02 34 02 33 
02 34 02 34 
02 33 02 34 
02 35 02 34 
02 34 02 34 
02 34 02 33 
02 34 02 34 
02 34 02 34 
02 34 02 34 
02 34 02 34 
02 34 02 34 
02 34 02 34 
02 35 02 34 
02 33 02 33 
02 33 02 34 
02 34 02 35 
02 34 02 34 
02 34 02 34 
02 33 02 33 
02 35 02 34 
02 34 02 34 
02 34 02 34 
02 34 02 34 
02 34 02 34 
02 34 02 34 
02 34 02 35 
02 34 02 34 
02 34 02 34 
02 34 02 33 
02 34 02 34 
02 35 02 34 
02 33 02 33 
02 33 02 34 
02 34 02 35 
02 34 02 34 
02 34 02 35 
02 34 02 34 
02 35 02 34 
02 34 02 34 
02 35 02 34 
02 34 02 34 
02 34 02 34 
02 34 02 34 
02 34 02 35 
02 34 02 34 
02 34 02 35 
02 35 02 33 
02 33 02 34 
02 35 02 34 
02 33 02 33 
02 33 02 34 
02 34 02 34 
02 34 02 35 
02 34 02 34 
02 34 02 35 
02 34 02 33 
02 34 02 34